#Estado de la ventana
#Thu Sep 26 12:12:24 WEST 2024
size.height=517.5999755859375
size.width=654.4000244140625
size.x=692.0
size.y=206.39999389648438
